01	02	03	04	10
13	14	15	17	19    5-6-7-8-9-11-12-16-18-22
20	21	23	24	25
04	05	06	07	08
10	11	13	15	18    1-2-3-9-12-14-16-17-21-22
19	20	23	24	25
02	04	08	10	11
12	13	15	16	17    1-3-5-6-7-9-14-18-23-24        1(8)-2(3)-3(5)-4(3)-5(6)-6(6)-7(7)-8(4)-9(7)-10(3)-11(6)-12(5)-13(5)-14(4)
19	20	21	22	25                                   15(5)-16(4)-17(4)-18(6)-19(5)-20(6)-21(5)-22(6)-23(5)-24(4)-25(2)
02	04	05	08	10
12	13	14	15	17    1-3-6-7-9-11-16-22-23-24
18	19	20	21	25
02	05	06	07	08                                    8 - (1)
09	10	11	12	14    1-3-4-13-15-17-18-21-22-23      7 - (7, 9)
16	19	20	24	25                                    6 - (5, 6, 11, 18, 20, 22)
02	05	06	07	08                                    5 - (3, 12, 13, 15, 18, 19, 21, 23)
09	10	14	16	18    1-3-4-11-12-13-15-17-19-25      4 - (8, 14, 16, 17, 24)
20	21	22	23	24                                    3 - (2, 4, 10)
01	02	04	05	08                                    2 - (25)
11	12	13	14	15    3-6-7-9-10-16-17-18-20-23
19	21	22	24	25
02	03	04	07	09
10	12	13	14	15    1-5-6-8-11-17-19-20-21-24       1, 7, 9, 18, 20
16	18	22	23	25                                    6, 7, 9, 13, 18 
02	03	04	05	06
08	09	10	11	12    1-7-13-15-16-19-20-21-23-24
14	17	18	22	25
02	04	06	07	08
12	13	14	16	17    1-3-5-9-10-11-15-18-19-21
20	22	23	24	25
01	03	04	05	09
10	13	15	16	17    2-6-7-8-11-12-14-18-20-22
19	21	23	24	25
01	02	03	04	06
07	10	11	14	16    5-8-9-12-13-15-19-20-21-22
17	18	23	24	25
01	03	06	08	09
11	12	15	16	17    2-4-5-7-10-13-14-20-22-25
18	19	21	23	24
